4294967279,15
4294967294,1254
2,2
4294967294,1035
4294967294,68
4294967294,11
4294967278,239
4294967294,1248
4294967294,494
4294967294,462
4294967279,440
345,11
4294967278,211
345,10
345,9
345,8
345,7
345,6
345,5
345,4
345,3
345,2
345,1
4294967278,412
259,3
4294967294,498
4294967294,1258
4294967278,125
4294967278,122
4294967278,120
4294967278,332
4294967278,118
4294967278,219
4294967278,59
4294967278,58
4294967278,245
4294967278,56
4294967278,55
4294967278,338
4294967278,54
4294967278,298
4294967278,53
4294967278,337
4294967278,52
4294967278,51
4294967278,49
4294967278,48
4294967278,47
4294967278,399
4294967278,46
4294967278,41
4294967278,398
4294967278,40
4294967278,443
4294967278,39
4294967278,37
4294967278,35
4294967278,344
4294967278,31
4294967278,396
4294967278,29
4294967278,28
4294967278,323
4294967278,26
4294967278,137
4294967278,442
4294967278,24
4294967278,20
4294967278,441
4294967278,19
4294967278,18
4294967278,17
4294967278,16
4294967278,15
4294967278,14
4294967278,13
4294967278,11
4294967278,9
4294967278,409
4294967278,6
4294967278,5
4294967278,4
4294967279,132
4294967279,129
4294967279,125
4294967279,122
4294967279,120
4294967279,116
4294967279,421
4294967279,114
4294967279,107
4294967279,106
4294967279,105
4294967279,102
4294967279,101
4294967279,99
4294967279,97
4294967279,92
4294967279,91
4294967279,90
4294967279,87
4294967279,81
4294967279,350
4294967279,79
4294967279,74
4294967279,72
4294967279,70
4294967279,408
4294967279,413
4294967279,260
4294967279,20
4294967279,18
4294967279,17
4294967279,16
4294967279,14
4294967279,12
4294967279,10
4294967279,9
4294967279,8
4294967279,324
4294967279,7
4294967279,6
4294967279,5
4294967279,4
4294967279,204
4294967278,201
4294967278,318
4294967278,433
4294967278,426
4294967279,194
4294967278,191
4294967278,305
4294967294,488
4294967294,1217
4294967294,414
4294967294,111
4294967294,410
4294967279,388
4294967279,73
4294967278,181
4294967278,428
4294967294,387
4294967279,386
4294967279,64
4294967278,371
4294967279,62
4294967278,169
4294967279,170
4294967278,168
4294967294,482
72,3
159,3
4294967278,260
106,3
4294967294,1227
4294967278,414
4294967278,159
4294967278,158
4294967278,351
4294967294,484
4294967279,385
4294967278,413
4294967279,151
4294967278,145
4294967279,149
339,8
339,7
339,6
339,5
339,4
339,3
339,2
339,1
4294967278,289
4294967278,278
4294967279,140
4294967278,139
4294967278,138
4294967278,410
4294967279,22
4294967294,1255
4294967278,415
4294967278,407
4294967278,21
242,6
242,5
242,2
242,4
4294967279,273
4294967278,269
4294967279,272
4294967278,268
4294967278,266
4294967279,269
4294967278,265
4294967278,447
4294967294,1017
4294967294,1018
4294967294,403
4294967294,1016
4294967294,108
4294967294,469
4294967294,463
4294967294,116
4294967278,446
4294967279,245
4294967278,8
4294967279,263
4294967278,259
4294967278,363
4294967279,284
4294967279,259
4294967278,439
4294967278,408
4294967278,419
4294967278,401
4294967278,250
4294967278,252
4294967294,52
4294967278,249
4294967278,444
4294967278,437
4294967279,118
4294967279,242
4294967278,238
4294967279,237
4294967278,216
4294967294,1253
4294967279,243
4294967278,203
4294967294,1252
4294967278,388
4294967294,110
4294967294,164
4294967294,112
4294967294,479
4294967294,400
4294967278,193
4294967279,195
4294967278,423
4294967278,277
4294967279,389
4294967294,182
4294967294,976
4294967294,161
4294967294,987
4294967294,980
4294967279,365
4294967278,345
4294967278,177
4294967278,434
4294967278,405
4294967279,169
4294967278,167
4294967278,404
4294967294,1263
4294967278,403
4294967294,114
4294967294,1242
169,3
164,3
225,3
152,3
4294967279,148
4294967294,1262
4294967294,493
4294967294,489
4294967279,326
4294967278,397
4294967279,139
4294967294,1249
4294967294,453
4294967294,175
4294967294,458
4294967278,416
325,9
4294967278,411
4294967294,1251
4294967294,1247
4294967279,387
4294967278,392
4294967279,373
4294967278,391
325,8
4294967278,283
325,7
325,6
325,5
325,4
325,3
325,2
325,1
4294967278,321
4294967294,989
4294967294,1244
4294967294,1245
4294967294,426
4294967294,483
4294967279,282
4294967279,322
4294967278,394
4294967294,478
4294967278,232
4294967279,232
4294967278,230
4294967278,123
4294967278,436
4294967278,111
4294967278,109
4294967278,107
4294967278,373
4294967278,342
4294967279,124
4294967279,123
4294967279,338
4294967279,88
4294967279,411
4294967279,222
4294967278,220
4294967278,103
228,3
4294967278,356
4294967278,209
4294967279,210
4294967278,343
42,4
4294967294,1241
4294967278,390
320,8
4294967294,392
4294967294,481
320,7
4294967278,197
320,6
320,5
320,4
320,3
320,2
320,1
4294967279,241
4294967278,303
4294967278,255
4294967279,239
4294967294,89
4294967278,187
4294967278,251
4294967279,235
42,3
4294967294,474
4294967294,473
4294967294,411
4294967294,398
4294967294,457
4294967294,450
4294967279,231
4294967278,247
4294967279,182
4294967278,180
4294967279,227
4294967294,1250
4294967294,511
4294967279,173
4294967294,390
4294967294,120
4294967294,1238
4294967294,46
4294967278,286
4294967278,299
317,10
4294967279,219
4294967279,217
4294967278,243
4294967278,435
4294967278,161
4294967294,1223
4294967278,160
4294967279,319
4294967279,152
317,9
317,8
317,7
317,6
317,5
317,4
317,3
317,2
317,1
4294967279,315
4294967294,1240
4294967279,314
4294967279,2
4294967278,422
4294967278,294
4294967279,344
4294967279,348
4294967278,148
4294967279,345
4294967279,142
4294967278,233
4294967279,276
4294967278,229
4294967279,133
4294967279,313
4294967279,400
4294967279,0
4294967279,343
4294967279,265
4294967278,393
4294967279,312
4294967279,174
4294967278,364
4294967279,311
4294967278,385
4294967279,399
4294967278,227
4294967294,1279
4294967279,249
4294967278,395
4294967278,240
4294967279,310
4294967278,112
4294967278,275
4294967278,235
311,6
4294967294,5
4294967294,81
4294967294,50
4294967279,230
4294967279,447
4294967279,309
4294967279,224
4294967278,222
4294967294,1278
4294967278,218
4294967278,213
311,5
311,4
4294967278,214
311,3
311,2
311,1
4294967278,374
4294967294,107
4294967278,212
4294967279,213
0,5
4294967294,425
4294967294,415
4294967294,468
4294967294,160
4294967294,459
4294967294,486
4294967279,211
4294967279,362
4294967278,427
4294967279,379
309,10
4294967279,205
4294967279,307
4294967279,446
309,9
4294967294,417
4294967279,306
4294967279,305
4294967279,351
4294967279,199
4294967279,277
4294967278,274
4294967279,304
4294967294,1277
4294967279,189
309,8
309,7
309,6
309,5
4294967278,189
309,4
4294967279,190
309,3
309,2
309,1
4294967279,303
4294967279,302
4294967278,225
4294967278,88
4294967278,0
4294967294,1224
4294967294,94
4294967294,96
4294967279,185
4294967294,1237
4294967279,301
4294967279,183
4294967278,287
4294967294,1
4294967294,1276
4294967279,181
4294967278,179
4294967279,180
4294967278,178
4294967279,179
4294967294,2
4294967294,0
0,7
4294967294,17
4294967294,99
4294967294,76
4294967279,403
4294967294,40
4294967294,38
4294967294,37
4294967278,221
4294967294,22
4294967294,67
4294967294,36
4294967294,39
4294967278,217
4294967294,7
4294967294,6
4294967294,93
4294967294,95
